 2.292541453002349
 6.901701103543648
 4.692233956286726
 1.32743803664679
 9.272141533070377
 4.136585060318948
 1.787416107385819
 2.970241444275722
 3.108040284030167
 3.730993056334152
 2.391441390213749
 12.82204289317659
 4.330673582888108
 5.347479580194488
 2.213007802905933
 4.961939071950725
 2.778381010047938
 1.855924359858906
 4.613720949655209
 7.359479361671521
 3.38252942841879
 8.402205650943994
 1.175150400335679
 2.927140554927239
 2.290249527044707
 8.158522817168262
 2.447411381908598
 3.526481968238246
 3.439867059937941
 7.380515715451944
 1.251189409565211
 1.255967036050904
 1.189007929358146
 2.099786642835413
 4.943331111070078
 3.619336255814495
 3.626232424888435
 4.446175661544444
 9.790875430494658
 11.59093435762722
 1.445147137873072
 2.424592705009656
 4.956622280004836
 5.870427162545013
 5.397734894287329
 1.112056473472784
 6.327611780647893
 5.495585671857391
 6.215284640731802
 1.822138090474377
 3.891938809205505
 8.060521200937448
 0.6163021237165349
 2.975212555351753
 4.049820178195496
 4.647186323091008
 12.26011807375423
 4.254691146387994
 4.112209786028483
 4.986767869134612
 3.052587269658457
 3.09792942608003
 2.22501611260627
 4.180217783997037
 5.01182225809487
 1.551551767576112
 4.48575047998095
 3.267576144257867
 3.022383772210848
 2.693584285070096
 5.100310704992674
 3.349727843781548
 3.411251241612167
 4.519285377677206
 5.220663272626421
 9.179978964428127
 10.52095668154076
 6.966058467984801
 2.440279440969976
 8.33945567715203
 4.987583788876063
 3.503206314874068
 7.064413027555201
 7.695247847493937
 12.22706168165047
 2.043577036031209
 3.167007379370231
 5.879143920573932
 4.897315379023516
 4.594036022462907
 5.663727300000198
 6.797420427944727
 4.626278261446975
 4.179733352197144
 2.577013447185271
 1.941517988823638
 4.794392010167637
 6.880126343345308
 6.106262474503379
 10.93077416556478
 3.58045926045504
 7.357328375949303
 7.111946341909698
 1.997888198258436
 8.530479353756553
 0.9576805374438854
 2.661158437611515
 3.344685077319927
 2.777396624714754
 3.282838922364306
 2.164693218941017
 9.304995218966383
 1.609312997429506
 7.792760516616427
 2.574636263241556
 14.58743880436984
 3.237576263983973
 1.629534330408189
 2.001757998233927
 1.65213119410532
 9.15795263421464
 4.02439699401637
 2.998178044187014
 5.027366665714066
 4.607581666236133
 2.655218659333267
 10.80138922408788
 6.460512353971701
 7.477255478943398
 5.032089744415803
 2.740295993642016
 2.292945545108807
 1.66668105804032
 2.877349401428404
 1.467960877677744
 0.7435487524461475
 7.864743042163113
 3.724494433007431
 5.936721341546616
 2.578432811962623
 1.895197081938468
 4.781278854443173
 3.342990475446936
 8.288834668529683
 5.180862908349548
 5.575959206030513
 2.898755960009674
 0.9956403352698269
 5.156725961894427
 1.913595629679465
 4.699052690118405
 1.40059123684937
 4.145330276782932
 6.668921555478001
 6.95071712084316
 3.97137127443233
 4.864354245600264
 3.570078283752419
 4.417383685963471
 3.950291186788306
 8.740979032241579
 3.101870602912873
 2.193051344709246
 4.778450511852484
 4.205534945455684
 3.115922142381564
 3.021207559908799
 4.307294452340819
 3.800989390191773
 6.407108102689008
 6.579555284237121
 4.016787338226325
 6.315722425903902
 4.653879802373196
 0.7002264446289257
 2.077086780982512
 1.043935952871117
 1.930412951241322
 3.426995739293375
 1.413326092282368
 12.36566712185792
 3.07387779699154
 5.533671025653986
 2.716545233341837
 6.630754999970916
 3.861944183580786
 3.174712788253545
 14.33458545749106
 4.803359726899005
 2.339037775289368
 1.116178732435941
 9.54947659468384
 2.454405749846317
 7.314389338274968
 11.22935068267238
 5.822458412304353
 1.265397000855598
 4.614273631416892
 4.712695923703709
 6.936679492611178
 6.821634126079011
 4.389945647300125
 5.450271666000618
 5.306872665791355
 1.923322843851426
 2.887833139634659
 3.277759547953329
 8.919208508291435
 3.719781491782302
 5.545904522668835
 8.469299369532196
 7.37338503624016
 1.930044945769336
 0.9572177940843696
 2.610071271503987
 3.41514908413861
 3.607907119295798
 6.216665488566305
 2.732943107797995
 4.94715034597578
 2.882401126953676
 3.402730346658689
 5.993892233128573
 3.199272831876651
 1.629454149648754
 1.243363903624555
 7.075848416391331
 3.356265808684724
 3.900456703693091
 4.103880844055487
 6.371294487996882
 0.8761003302622112
 5.022863671984762
 3.337356533421704
 4.096413690822056
 6.000798236995262
 3.685028378252288
 3.331408769460115
 2.002850069065741
 4.530667289614431
 2.703307233961761
 6.728691425285993
 0.9867744669324486
 5.952526037171924
 5.251179802202858
 4.197966597731561
 5.640472001668603
 4.435471918050029
 2.10439927136036
 3.680839131825734
 4.376886956248431
 2.023445841119458
 3.028120983303858
 4.632023577726928
 1.709790689277002
 10.72149366344312
 2.118309176744817
 3.539961824469445
 10.85912482305995
 5.213269819607246
 4.840006224031278
 3.053441664500526
 2.347916229722502
 5.100539151717054
 1.849053558216861
 6.211217011097045
 5.150924830476565
 3.654003390965429
 2.377906169447473
 5.679596350605014
 9.581491370722743
 9.897804249814941
 5.608725471742268
 4.159987825879636
 3.929388977934276
 2.727567998390503
 3.821132980820314
 10.70325077450441
 7.340742715663577
 2.63173208489516
 4.53857923896431
 3.286084499205975
 0.4925796121331251
 1.451253887977035
 3.549756522048269
 6.19378939046817
 7.527644860700623
 8.211905228982559
 8.052425113523572
 7.050636030558542
 3.692875104909427
 1.12451768208497
 7.430362803940545
 4.054441477601239
 2.526318280031531
 5.250083074325757
 4.428103206966339
 11.54303690653471
 1.387548767223524
 5.045459654454044
 9.800644271748583
 3.59761153793407
 3.4718010962771
 3.350048454325404
 2.653447109649528
 5.768108284100445
 2.272863764713509
 3.482031628249703
 6.744028979744442
 2.886112284851079
 3.413213582330725
 5.72134209060146
 9.902568889797511
 4.836774629624122
 8.60339650577899
 5.840586192889589
 1.779184259276428
 1.793279468975674
 3.318641374512282
 2.445932906216975
 0.9843620029480444
 2.740506141797143
 2.403481572269162
 2.189167449519363
 7.809939061365819
 4.328378554047308
 3.32918606799716
 3.921692349418481
 5.754119054378164
 4.291646868330038
 1.378415871695164
 1.385011591884174
 2.163549019413154
 5.753338907567337
 1.332449074353556
 3.340553132314889
 2.717200708152991
 2.067012757995855
 1.232882113122448
 3.879211797912991
 3.628660132358241
 2.286060852757399
 5.197114034371879
 8.356326560596578
 4.771247557991336
 4.375541224679864
 3.828181621976411
 2.554040912492903
 8.73909707860467
 5.565819809001854
 4.058266791543502
 3.710441465442139
 3.210736842678935
 8.027171762737362
 1.318625558533959
 0.7857718321030829
 5.1906395229925
 2.990736886580556
 1.341895859271961
 4.991794576773323
 5.445990902694363
 2.21668000277746
 2.248966248663528
 8.75030387830201
 4.485400618242895
 6.083487842350221
 2.049884900090828
 6.275018592221887
 7.560164407907973
 1.844686693816898
 4.353638333549862
 2.036883509933819
 3.017506619931151
 3.966202251135257
 2.157086374804344
 5.66466916738038
 1.376410577534851
 3.778308080016855
 4.115351246243972
 4.167270666534819
 1.621039854636293
 2.678582621477761
 6.341776424173417
 4.00585883054762
 9.276635193667236
 5.727211324916244
 2.372345452735067
 3.232255857922866
 4.132965431298933
 5.172403450471094
 1.924907165067203
 2.658145410501362
 1.480034919887761
 1.844286898331712
 2.730473417201688
 3.265768970819545
 0.8510792761203632
 1.888416058965824
 6.120398833968949
 3.465909594426908
 5.654461723544293
 0.8566027869633877
 5.383171180535856
 10.79917632488502
 5.559472242854248
 3.56293994845632
 4.813840894622887
 3.36569673301614
 4.52395337377772
 3.945915967904136
 10.71993637096087
 5.373777028362902
 5.13866979106038
 2.152743099718709
 5.030431807662961
 2.100631415555466
 4.177005139830828
 1.898358524405536
 3.372442158614071
 2.899122541367732
 2.927474994881227
 1.684330638445388
 1.499748808047997
 3.053068101557169
 7.144136269945308
 3.858446153678458
 6.13791706545393
 0.9996174723393234
 8.857055002651695
 2.494185235152025
 6.26631839059952
 3.835622646800077
 9.282349745063705
 9.757701907898369
 3.212821604747218
 4.587176135922035
 1.664115190617396
 1.6347182486158
 2.825002890349697
 4.187638872048839
 3.148688860502108
 4.913519235032004
 12.37829554705607
 5.208729017469162
 4.532706508238827
 8.796455972596348
 5.340397928235053
 3.034636909543011
 5.891833805262907
 0.9769164246878658
 2.45433012277676
 5.48576297301298
 8.646636529493755
 7.421830582929567
 0.8511102564430988
 3.489683865434659
 2.596761210595675
 10.06829790730019
 1.725263345176421
 7.393919031439654
 4.995039422937697
 3.73275508783708
 6.337197542472717
 4.785517245912381
 3.026381214398639
 2.901686450245084
 1.567985606448418
 4.034354279816819
 4.656756555529872
 8.319328498381239
 4.971908949311901
 0.07766435427376059
 4.528352520266266
 7.821632780417244
 8.380957228561297
 3.493048822751494
 3.914280346650479
 3.771445443318039
 4.92169414438643
 6.679807014336073
 5.925009445473416
 2.607364619640708
 5.417538046254086
 5.250376795698367
 8.912837177011246
 9.296589501583211
 5.276370581921045
 11.13469540805164
 1.442420040149851
 4.538137987217595
 2.950103645228328
 5.549566152253245
 1.543306035127018
 6.494407027980561
 5.587930285096055
 8.038169357588554
 2.942155540931987
 2.642522337831247
 13.14487457812778
 4.257647889572786
 3.309946772875546
 8.531845323366589
 1.376459478774272
 3.541602252281916
 7.184294789726611
 5.88056468159032
 5.001172919441684
 1.193015234125311
 3.68691397841981
 10.60134680853548
 0.975329023734851
 6.270824243154818
 1.335285395389768
 1.571200929228337
 6.556425390101533
 7.566679853149729
 3.886706521839361
 7.523473183487416
 1.609254197934093
 8.311218349031396
 1.511059171644717
 5.263061096688206
 5.011192730022727
 2.19152382412375
 6.278235168212992
 1.309587284426793
 7.233239723719368
 1.92449013094158
 4.669241882980758
 3.402053389583022
 11.3303887455041
 1.881613335716803
 9.712936837692306
 3.88051076829906
 3.233116518899305
 0.4798025894635632
 4.872488333178084
 3.897267815436662
 9.465479343773939
 2.498957084395423
 8.889248308245985
 7.355885429613325
 5.853330864273685
 3.719096493505834
 4.826396417372994
 10.74187169246971
 3.845672252497622
 2.287405628948687
 1.626708731008225
 3.659135643143397
 4.76277600757429
 7.198176059064891
 10.75309713311409
 6.115822255226322
 1.932104089374706
 11.12131114109892
 1.162677631353102
 7.174181626707115
 6.203902005013259
 5.571961340471906
 3.011141285640081
 2.807433177090942
 8.918403416260773
 7.696912793341813
 4.788196767768051
 4.575368732293935
 6.786522738771472
 5.947663221193384
 4.089702704875829
 5.722502464233318
 5.366074832217517
 3.9658286488309
 1.79593058290762
 2.940793293740619
 5.852594531947171
 6.858107151639936
 4.118882863834749
 3.337503407071597
 7.523559527915399
 5.860292640650726
 2.473549908833493
 11.0420789969106
 3.514782041320417
 10.53599249247627
 4.877201247560477
 4.183122284268117
 0.7471304948337296
 2.044313359400648
 5.321406365655394
 3.302374280433482
 4.656018230715707
 7.475644177464036
 1.216783043539482
 6.599548517282932
 9.891469411315288
 1.3694363104867
 3.457043947932447
 1.541948591388056
 7.531612791383266
 3.171855480005605
 1.094052843998235
 4.74938635694022
 2.426799878847144
 1.579757368412217
 3.975517417274841
 2.005750951633125
 1.86346770196051
 1.668729053358071
 2.301831282801202
 3.136229939214931
 4.157069442294341
 2.83825430817
 4.753238691833627
 3.369557136718321
 4.668469719399827
 1.808641070119444
 5.539903229277455
 1.889719456098575
 2.925936796839129
 4.845600002560997
 5.570071384701279
 3.846002024992702
 3.331017750265093
 0.7905653849994922
 5.402941854166861
 6.542602145233671
 3.013311828546973
 3.051657857396134
 3.721912283561613
 5.531308120884884
 2.489173828851098
 4.324523496665401
 3.750050476102875
 8.188692085312361
 10.49978547030337
 2.112169065755267
 5.384428510833473
 2.522708314782412
 3.571727760767234
 8.207137022611494
 2.794377613237822
 1.342830258145434
 4.813879788355308
 6.12282123094505
 2.731198770171837
 5.584258320412516
 4.831660710045842
 13.32036620270796
 2.282416909404376
 2.143124341241808
 3.669147919901943
 4.583840568347789
 2.955764234792996
 2.524164373709032
 2.86540752849293
 3.333012729154528
 1.750365043928162
 2.017899836826063
 5.242573094844618
 2.925458348739378
 1.568680613567122
 2.166983524170116
 1.95359079918508
 5.153305304525993
 2.515339709314683
 4.151214051958433
 1.523548913323512
 2.909949731290403
 4.204555955780377
 7.998000608568347
 4.950599490907919
 3.504633987561954
 1.606721983123061
 5.43809371981798
 2.239694404591649
 6.251206388911596
 6.126558227161101
 8.248976204174882
 1.490393396476743
 7.888608409145466
 5.735650476101194
 2.382086711700518
 2.432024297290162
 3.223066841303923
 2.203422736956866
 3.056295809046586
 5.969651520607651
 6.760039525025054
 1.765836740905534
 4.277934692126216
 7.121742490643067
 3.01897749244178
 5.246486259001808
 9.585632787266078
 1.413660968923153
 6.049918859506064
 2.176582059179712
 6.4598023796467
 4.214949959446198
 4.967603033903005
 5.670656059055688
 4.058580341570774
 3.057389932330537
 6.52803158318566
 3.073904070520058
 6.489669296427473
 8.39128350425789
 2.752706212906539
 6.08896533140574
 3.449783481584992
 1.714503629849239
 5.702312533375762
 1.410988500225996
 2.960537299146697
 3.630616773698347
 1.074869909300492
 3.971241034069378
 4.34076197361323
 0.8214829881943766
 5.358923585774866
 2.137288398213013
 5.701438107371738
 1.371985831344048
 5.395206148484067
 1.766052351761342
 1.057846575131896
 5.724925679069114
 1.432523956641367
 4.548984479286815
 11.6756650387654
 5.90266929060391
 6.31077731564646
 5.158967448809355
 3.526241997129833
 2.893460094768163
 5.358749628150504
 3.387353260767769
 3.671967622338556
 3.777606167364535
 2.046641253620622
 2.225266515731919
 2.847386611480671
 1.117179005089089
 4.615013465085967
 2.514614365361261
 6.509399532124215
 7.550898451996664
 7.415141020421006
 13.85407008925731
 4.909793531916733
 1.996734253801858
 1.358156851660704
 2.6283102239275
 2.052502670789657
 3.115380903317669
 5.616871790737513
 2.282350585688732
 4.883420295591287
 3.716871046547631
 1.183434770102209
 3.982769302814511
 7.987057996932423
 3.248669074104478
 2.313840252800135
 1.708751422883725
 6.308812175211141
 4.894291852242288
 3.357451063490977
 2.385138150474443
 4.477460246430175
 1.141361300301305
 2.963327971327849
 3.076739566493444
 4.746109915321206
 1.411822806457566
 3.173026011534074
 2.722029724626291
 3.880622413269959
 3.145897280928962
 2.070688040344585
 6.041064416331793
 4.628158393047155
 6.339280732241098
 1.699076691527206
 1.344937186110503
 5.925027760291204
 2.682764612270776
 4.276684557566336
 10.86483735467005
 4.424150497190406
 5.75388112380034
 2.544462493351062
 4.963477386406788
 8.899930645498863
 5.202391590691358
 8.834797265692552
 5.519286114015197
 3.495152424200088
 3.092685286051808
 8.056519050615623
 5.758835106355477
 3.973453891994656
 5.320356810453745
 7.906796123927961
 9.865025829534556
 1.307242433177965
 8.637848408298947
 3.388849908685423
 5.482321446781325
 8.225014256869533
 2.818195841142956
 5.141474340823076
 6.052011798447155
 14.97711236214416
 3.477699402548662
 1.927589464257796
 4.192395690870153
 3.275582556268948
 8.128162191651962
 2.316345631966835
 5.591779427774852
 6.724987404789752
 8.341939994209362
 5.667155293446989
 0.825479054125222
 4.226955807436909
 4.407476449363871
 1.283022191196434
 3.964894138911328
 2.159250677173976
 7.368007710726898
 5.113102110280851
 2.934680566867272
 2.343408697681449
 2.321403824766771
 5.350649323316467
 2.295839350519739
 8.081943012918618
 4.476175557125062
 7.046861414668818
 3.218732953015711
 5.000158101104482
 3.107736991019454
 1.314963535859729
 6.170253979197894
 4.886152161557972
 1.804675976470836
 8.775103661259205
 0.8731739928546007
 6.637478162539748
 3.675617042553255
 3.030714812456432
 5.922603279569781
 0.7269065419824678
 8.572141302360336
 4.287495690043111
 3.322451460149948
 4.703785415168946
 6.851460296016446
 5.092256194112879
 7.348589813875477
 3.228853142483489
 1.328906123358407
 1.369714261270986
 3.606351484582943
 2.252274761307233
 2.948409998504997
 4.453194379499035
 6.032507335041281
 4.886432941997652
 5.659701151815032
 4.307984310160551
 3.625135880240776
 0.4465968436792535
 3.064181213569082
 4.766313562970129
 3.622076914945245
 4.339363368213387
 5.732489192736951
 3.900465302743943
 4.378256044009651
 4.79447865930368
 2.267246481035687
 3.950192926791223
 3.665274274574771
 6.508010366383357
 14.66755000172762
 5.108837674547821
 4.238375186314594
 6.577266380099303
 6.059512638471478
 7.413789811374071
 6.013831007511769
 2.749725240411231
 2.779956695895906
 4.938438663329143
 10.54459025953039
 4.023241836193927
 1.725728032565187
 1.620917804330739
 4.367782463571951
 3.736431511308144
 5.764235931564235
 2.003853669516227
 11.12557694138197
 1.280226394523124
 11.53981364480492
 6.099501081915812
 1.190230717726679
 10.67036067873447
 2.090149049859432
 9.165913028098903
 6.346031724040115
 1.493031451515821
 4.65543305336216
 2.24737746642818
 6.128841101812939
 6.66304999721005
 3.983632408249396
 2.697165468535768
 7.389437850472476
 3.288612422009471
 4.763204762581823
 4.178373175732234
 4.994408057639379
 4.635458171263053
 4.184090523798364
 7.994539252823434
 2.130987189110508
 7.174448965431719
 1.659730469053611
 1.451921276861535
 7.396666450384163
 3.942379914118872
 7.424257171819779
 8.245808408944065
 6.470595092411806
 4.463561427112349
 1.340173406581266
 1.251989416812513
 4.903326116658036
 2.178834943021247
 2.809596331042994
 5.226521829424304
 5.951137042478487
 4.414221919772995
 7.838036277383852
 5.072576570324888
 3.663247022943478
 7.4920885295476
 3.031000821216593
 3.347496752141267
 4.017742838469306
 2.426859277410573
 2.373945659154609
 4.981146575493139
 3.547910733690169
 4.461562522963209
 4.071396147965536
 2.594263254082713
 2.22209220454079
 5.856549267517446
 3.210071929777443
 8.597863039765445
 4.825287136226041
 3.649693242855345
 1.95607181742269
 4.639961747288519
 4.523350686013075
 8.034041355191558
 3.335518822562435
 2.106142448058664
 5.336755836681712
 1.475215178444059
 4.795789020876265
 5.301294389700074
 2.449798928320222
 1.139132145640937
 5.585079490677987
 2.521688959953352
 6.987355095359478
 1.175120261196528
 5.546504980249608
 1.916784971335303
 4.333889391942312
 5.729854148044454
 8.70089124167664
 6.987708122635512
 3.201207004448163
 11.07235572641902
 9.35419293776528
 5.701817229583706
 6.276354034552018
 5.447013753873157
 10.3689294336383
 3.375771332147615
 3.900448667872777
 4.61376154057503
 4.194589754386284
 4.362623757958377
 5.795921414617776
 2.481163092076611
 2.499172537769145
 0.5781538989037882
 2.703633531190717
 4.316320895289484
 2.728420784582978
 5.614139718210301
 4.585808616327215
 4.034466015454791
 6.030893837946077
 4.6119674778975
 4.967631693312071
 6.724016578508111
 5.940208547635812
 7.804518335297137
 6.456079546287672
 6.599945007507377
 3.43939069923796
 4.431917525633421
 3.561429045697118
 2.849441697528027
 13.10773199696661
 5.438624697976843
 4.39676279937335
 2.642043850631219
 14.47971784138067
 3.494242215609758
 4.02991202458595
 5.092660373784661
 1.172449330312388
 6.371460527049282
 6.435763390436298
 4.78633227370192
 0.5035039027945871
 7.369331025898591
 3.227310268416894
 8.562339997283841
 5.506598177782703
 14.43667897751764
 2.314152212890822
 3.242585974821376
 2.083778032408784
 9.212187271707446
 5.296170703247755
 4.945463054565565
 2.51474944198486
 1.344734249751347
 5.179556470930569
 6.583858864100302
 1.827555280067601
 1.287133590202169
 6.484085438381663
 1.682576064385606
 1.408650775972804
 1.9669102492004
 4.410140832023068
 0.758149458783647
 4.7737411245161
 1.312909076120788
 1.703074139466815
 3.023460480260205
 4.273303815994637
 3.347466994891802
 2.183481175724789
 3.095540650626075
 3.443402466464857
 7.158482916238132
 7.962518089344366
 3.015561071328158
 7.804949674265572
 5.572056749229781
 1.301679556373138
 3.233353525462043
 3.074881040024553
 0.3859399907902929
 1.225033513683717
 5.991901217932703
 2.257027977200186
 4.02745078302215
 4.98085234298451
 6.174536964253274
 8.830716619783207
 2.413721174013058
 7.578173891931771
 2.125996092536336
 2.853483493680546
 3.1695806163424
 5.52557715535071
 1.519349382549381
 5.181593596343038
 5.841191984141943
 3.167963525131433
 6.260399720503332
 2.770285315135374
 5.227208894587661
 3.283583306051108
 6.955964928706942
 2.540148693124163
 6.782423013485907
 1.786581928952172
 5.393163818715026
 1.059536618641654
 1.332965418816586
 2.093029955034561
 4.893000603217163
 3.441954085672681
 5.851656713994471
 4.320999947243951
 8.437773270349737
 5.095838048447665
 3.324934181089749
 5.73976405221047
 4.936611750597627
 6.599042886506401
 9.446234127599482
 4.072375563203563
 4.265281331749392
 2.835352850365063
 4.432012735363564
 4.011150867825499
 4.100287507295328
 3.013542569689423
 2.191559389120724
 8.282774723244422
 1.609919206976802
 3.18086183185546
 6.026817623822606
 2.022525407347181
 3.675858673989076
 6.685677323237583
 3.288283961376546
 2.78076261601901
 4.750553072057365
 9.205665048313625
 6.631840310719438
 1.676707335732861
 3.516867406296512
 9.327468125971428
 9.527587689848067
 3.042835130699364
 3.278935696511034
 2.44477818694901
 4.701023416564947
 4.658651455169124
 4.426257323779835
 5.44397627273927
 3.403191215882285
 2.1682631488622
 4.739126767547358
 0.6472868320272143
 1.857828007145636
 6.449424463125489
 5.625935468839818
 1.350804645992144
 1.708441608499618
 1.592902390626116
 2.784580068694623
 1.741627640517708
 6.789332708249614
 3.860410447127523
 5.408886443375516
 5.31291250008443
 7.548793075018605
 3.874694852277567
 3.433945174207314
 3.638037572775386
 2.566500536630859
 3.058462563534231
 2.776588398727259
 2.698784082253703
 4.763572919744654
 5.912737928793668
 5.800068112492295
 4.812341288799924
 4.655058462552207
 4.020059171040717
 3.643334209434228
 7.754312872345478
 3.944073377557811
 2.80870017916499
 3.933475844369538
 7.479049931088433
 3.145207009695369
 5.457453354745215
 7.082087568796276
 2.531846685771022
 4.634882342279401
 2.59940439049761
 2.555547640475085
 3.84088836909439
 5.376024901659974
 1.444659896129941
 9.529646496423247
 3.439330650437051
 0.9940957774492001
 3.944883784086319
 7.976177420284787
 0.595417426209237
 3.97480704451785
 6.198442044329289
 2.915248911769493
 3.157605738164365
 2.486313982396743
 5.217190850343268
 4.947357911481205
 5.748960196664934
 5.80378508869366
 1.410692535765782
 1.739565879643036
 1.247716994188047
 5.834243308669079
 3.112151278547024
 2.913370201471908
 15.95085015319678
 6.1147218170248
 1.841075109858122
 3.793923456630441
 2.81518775787449
 14.18635008437936
 2.926309150435018
 7.874024772660691
 3.870653939103498
 6.943319486005828
 2.871295217883894
 2.775436992156814
 6.038592401269163
 6.008600817497674
 0.8924255749546883
 4.946853697719179
 11.67414504817312
 8.090670189885302
 9.18460797036694
 4.868170954930671
 3.981426174811804
 8.250486135448181
 5.51104229148703
 7.618756070572193
 1.664716668924497
 4.316938901283426
 1.246951622156083
 5.616131679854647
 3.385184627152444
 9.212236442609196
 3.037605528791514
 2.69081461379438
 4.508922104258726
 1.654167029453602
 1.999925707230405
 1.275834430859974
 8.095475302382129
 6.480963920130896
 1.795185523019264
 2.969985104901809
 9.665769797852146
 6.249444808845656
 3.386087021463445
 5.408231076881789
 5.48987739791922
 2.423868085587901
 1.716277867084906
 1.807117781258192
 12.11527984438356
 5.939912148609713
 2.560134560391478
 2.406335003278765
 4.455357946317532
 2.88354857209379
 6.18957735803684
 8.759825355672863
 3.294582248483729
 1.76909897918264
 1.333980367577374
 5.672008354684182
 6.704314875335943
 6.753778106862426
 2.335117252900614
 4.042640700195518
 13.52643303916545
 1.657304400998686
 6.611927587649734
 3.367266739180847
 2.246909638682588
 6.318911883617056
 12.80747242767144
 4.700390588926468
 0.6076292258069715
 1.864892110534524
 6.406914259563534
 8.960236731245363
 4.687385663423974
 7.88466523340699
 2.281012569385552
 2.97536424347682
 8.872519479465556
 2.685605662415553
 3.691341664195017
 3.996324057990607
 1.779554887809051
 5.145900236161526
 3.967567156544756
 5.072873661720187
 2.849627468073188
 3.291488653347839
 5.942213818822978
 2.381062332581191
 4.86028561843804
 1.106543575553187
 6.250229029576706
 6.20234426737619
 5.145317397693233
 1.514239809917332
 1.726285990438422
 5.635167502688184
 11.05110228114329
 6.295387901961041
 5.931481310417558
 2.623067732569859
 2.704589436698917
 1.720330054375036
 7.197604602266848
 9.551878001226783
 1.736953864469734
 6.387477327386971
 2.08244790032353
 5.175014887205159
 3.946354559769309
 4.358949181457874
 3.23723636160148
 4.973589831447022
 5.117672008291524
 3.843538053779551
 1.816804170693185
 10.64263252451564
 2.795820036646642
 1.359471333990663
 10.03946048218926
 1.023928621600943
 12.70624935822222
 1.070279789946751
 7.046563243530714
 4.503788596403922
 8.903283787563682
 2.960966420638953
 6.400882986128204
 5.638898118442779
 6.488257059104874
 1.959174323563758
 6.888336191168617
 4.171999121103438
 6.432051604574414
 2.651607898474512
 1.868418739350439
 4.055697120029011
 7.313314641596582
 6.971005177597408
 7.058633049368099
 4.060299215994663
 7.751909357848813
 2.286041330422221
 8.187261973726956
 8.213115215851525
 2.842525994999082
 4.666875063100536
 0.8420780723461685
 2.595359279966922
 6.197955171656152
 2.344868746955204
 2.416423989098304
 3.205114404976324
 1.039285576108766
 4.198593362911101
 5.837229101244962
 11.15387823227312
 3.924369631174145
 5.48684467836279
 3.557598087619514
 8.254867771598605
 2.284537252657474
 11.72736889660841
 2.596374455297066
 3.50164701900193
 1.935231766509721
 5.118291920117825
 8.014299558892381
 7.201644675973991
 2.238290198391969
 3.096680710296377
 1.200646937587015
 9.894696776802327
 6.676752906821591
 3.063704573003134
 2.788196006218718
 5.129850465344553
 4.613846967420531
 6.192640862504067
 6.72247430750221
 2.490179907546738
 7.18159087956888
 13.14570100441731
 4.689199682219678
 3.915608502565713
 1.346778243728477
 6.365831439520902
 10.70157744174014
 6.294947407475428
 3.893317666452247
 4.735255776176302
 2.361520406290589
 2.57091278339614
 1.039159320974695
 1.437174183176456
 2.830703580883097
 3.744442175572945
 5.838747361354224
 5.542418830109157
 6.313139464314536
 4.535184031888091
 3.583568005767015
 1.751421459387781
 3.739547711837593
 2.450008843619606
 4.029191836842186
 5.166249917295487
 10.37385679786695
 6.142044334899954
 4.346934628624867
 1.805499401336476
 6.652469133876301
 4.70084274446835
 4.313720425935408
 10.50098914583784
 2.376540140893236
 7.409256059984592
 7.452826830558511
 2.971273436920171
 9.592157220500416
 4.672708300302467
 2.510324235940069
 2.556192501189703
 4.641740039190833
 6.528983740525757
 3.719400596530186
 10.96740263284412
 4.885860309791019
 4.157380051786888
 2.740118407911589
 2.251399824769037
 6.203208019172514
 4.88557755760812
 2.525390963056019
 2.510122832395689
 3.299587465613693
 1.166526083955719
 2.019862396928034
 3.636334276229491
 6.330315918723521
 1.810813646384899
 6.705035026702268
 0.8524016458884767
 5.400084170781964
 5.587512745622154
 2.146352053992699
 6.381642980005674
 1.451656906193503
 3.31195845724648
 6.145095517831787
 7.538392890623511
 5.794092133589451
 2.805912988154357
 4.077905353561601
 5.517725330231161
 2.469049861157396
 8.640576693074266
 2.762631537557085
 1.236407819075675
 5.25227912344425
 4.50166851008921
 9.240057830765586
 5.391116895521231
 1.766758968262755
 1.664349613233172
 3.204543298466605
 3.287167584002896
 2.134334889184874
 3.266960056785256
 3.091239256179578
 3.566641950369085
 4.604728164865708
 2.761185589819258
 2.439225223278058
 3.78636687786108
 3.50073858155812
 4.173333634642425
 2.79384444361892
 3.110171528593702
 6.188277747174661
 1.313534499406865
 1.974702843852673
 4.32879272121788
 5.971902958871526
 5.993296196920734
 6.036732494231029
 3.215549048202303
 6.774734198964388
 0.6810828132977371
 1.17568927916985
 7.155835162521816
 2.922901546433707
 2.021495640852996
 5.988126414002299
 1.698181765139015
 3.958995199481046
 2.48350900126606
 6.997774936826088
 2.229023810184035
 2.29052946589128
 13.70127485621259
 5.151530288609117
 7.667222418950347
 2.888533444382303
 6.577828501481419
 4.264881173407952
 4.999629432060399
 5.140292185332361
 4.72703847197364
 1.336164935641781
 3.228137805763834
 1.423063757586258
 5.269318768423759
 4.954985226664312
 6.921810856666239
 1.240188648005111
 3.948900427397013
 6.033083631485658
 1.43634476438499
 2.086371478875819
 3.978747532517746
 3.863854474272023
 2.024997428575977
 4.722259189344733
 9.347433670109263
 7.45221752274165
 3.560645103205694
 0.8411567339100441
 10.82269026418733
 0.6127150568031049
 5.76897891035763
 10.89128602509245
 5.650162458537118
 2.500144157099524
 3.254172850522586
 3.488299431299982
 4.799411558640879
 2.519722799485961
 1.562949210956992
 7.096356128006752
 3.270094741771552
 2.604935379305108
 2.591879092106566
 1.787545519495862
 6.067086442358201
 5.247738996250188
 8.824839884686519
 1.078416688191549
 4.578356117021083
 3.950180787528241
 2.749118521138357
 6.863529632724661
 5.090988919457978
 4.196958727315632
 4.063572594149952
 1.394924822647001
 3.802170623846603
 1.364521362462978
 8.645983801060313
 1.104641911883715
 4.311830209228795
 3.484233633178906
 2.797901198194915
 4.51359159518176
 4.784470822069352
 5.063387261653766
 3.166729893289403
 7.099067594913032
 10.05470573110942
 1.686852383700466
 3.115765705334231
 7.16106480734009
 9.159729035151322
 8.751374428344096
 5.429318809597417
 2.254414254602048
 3.807362072043922
 3.953132028509204
 3.448454661337711
 2.137331635542285
 1.206203802680729
 5.228421947250045
 9.339754676790431
 3.684818357937286
 7.701847684395032
 3.677433900091225
 2.623325047023553
 2.027276474316024
 4.409168213917162
 4.068809187053086
 1.48605922687723
 4.972057947776443
 1.77928893566197
 5.787265384974537
 3.20259969934331
 7.128780936668417
 8.124580884872225
 6.179401215861057
 0.7626036981092241
 7.814542110780343
 10.13427198315075
 2.790952500867458
 1.764821104780717
 2.109330269601783
 4.271842987283643
 10.01761061255257
 1.317796373676074
 2.310769577518599
 1.225019392657723
 13.95423815741987
 2.128583995500207
 2.803845572623191
 3.730996530339487
 3.809590632592926
 3.357361155839665
 2.459243223163667
 5.930871970618149
 5.111427130743376
 16.29750568675172
 6.888536254680959
 4.224048798134742
 4.539667015565367
 12.81817635054746
 2.39593115342121
 7.302610718806175
 7.732032840259524
 5.598514451312325
 4.169266024522087
 3.98339959527657
 1.090528343438342
 13.14516520437632
 7.127283274650832
 4.380823025427174
 5.815499675484006
 2.169415200467217
 9.758721164474704
 7.046579161820876
 4.570745570728871
 3.970054524025358
 7.683271963185327
 4.102597895520132
 3.486854626019333
 2.904857880468212
 3.520897550113784
 8.046761812009105
 12.61450259951921
 2.882503233631321
 3.814830486176463
 2.89113814028741
 1.559300370091833
 1.993291464109429
 6.39290021627702
 5.616976864802853
 8.596769389755011
 3.170744497552111
 3.88271240224705
 9.955428186603465
 4.239618048134424
 9.676956877713158
 5.063400067976703
 3.695147996262941
 4.422012969269186
 7.015871818696233
 11.18769085046328
 2.759234681356638
 3.492462837195241
 4.413850559960206
 5.070567830976593
 1.029528038882171
 3.59789600113179
 2.889983671205528
 3.611081344088783
 6.461948665676529
 2.137602550744435
 3.041024069153394
 3.362854727210451
 5.565298565352187
 4.388251453414743
 3.382751045066508
 10.11049069942766
 10.77508782077248
 5.569104269344741
 1.514923267590289
 5.388919485089227
 6.913551825200755
 3.124273912489678
 6.174020777485516
 8.051881850223738
 3.191017969840818
 6.588155970700456
 2.521900264428831
 3.159339062699603
 3.681251129934259
 0.9842042376873932
 6.470325313334933
 1.749935570333194
 5.616762771767319
 1.457528648010303
 3.201763999418201
 3.387549213259815
 2.379173368755747
 2.380362294836113
 3.746465066016622
 5.921276353949033
 1.822326120567266
 1.988392858490242
 4.229584236062285
 6.490247666235277
 7.153204446392715
 6.670438382556521
 4.441893793553586
 11.98131293474252
 3.569230524063469
 5.592709716917793
 2.82219173299139
 4.530906222582344
 1.885691129457005
 4.877367162124568
 5.098193245002754
 4.90936943371342
 2.571820311179086
 2.260661792825991
 9.334388259031931
 5.141614033166586
 3.324811360532951
 1.087648511852003
 5.641689770323445
 1.639554669683542
 4.945437357358339
 2.714986846131588
 3.975364003830306
 3.992486647609711
 3.675688824410445
 2.644311843119319
 4.64329328783019
 1.36079715457301
 3.941489482073752
 5.105137582427639
 8.552567075446044
 2.031257550170491
 3.45977674401079
 3.061577417225768
 0.7448362159418898
 2.451957700731424
 2.823208394761987
 10.48833665047983
 8.142382773223233
 3.219380346490357
 0.8555244857130802
 3.789421160012404
 4.48419124222146
 3.514780074161529
 0.6144517767863118
 1.629954649918629
 3.719954708962169
 0.9642686172898058
 2.416619029685183
 4.529230946381945
 4.417940605082281
 6.754117372961421
 2.97676871451911
 7.246040020511874
 5.00317396495878
 1.296029657739846
 4.161996114417251
 2.491446218560475
 2.065540215975498
 4.124399784562597
 2.845385169355627
 8.931047142561678
 3.840060155790546
 6.318828218473027
 2.659046350936255
 1.854896569069948
 5.156277169915221
 5.597266944317968
 4.586555421206427
 1.633912359459095
 1.790594643209323
 2.236314428352661
 2.465372577154255
 4.113400048556075
 6.482058740593605
 3.713087665691618
 5.450613375358458
 6.567190716446095
 4.001252206309598
 6.183718682620666
 3.772735886018924
 4.095945697308117
 4.607010722607821
 3.625911614443249
 8.652096347604736
 1.391258991054475
 2.53135357161946
 4.095415076013261
 3.140910167815553
 4.079726645326632
 3.736532386336286
 7.588420029817187
 3.333471738737309
 2.373535840040737
 5.359979556746277
 8.086702539781854
 5.412244507602795
 8.482475525837726
 6.552822453718309
 2.444655812441048
 2.413321261194693
 4.274763703804693
 2.026733911190544
 7.029674099306433
 5.197704782909873
 7.212424957726256
 1.132720100039907
 3.589838135619696
 2.537904625502106
 3.77605803637544
 4.202741655918988
 4.67192424671555
 4.376801111872124
 4.990835863267817
 4.59627667618549
 2.137338249382171
 2.608107205519239
 3.089726247652494
 1.068884948215661
 4.057876523942126
 1.155659735824452
 2.869476175427679
 4.22159985180736
 3.378549138342029
 3.336120965250079
 3.883372963842614
 7.453803489731577
 2.882826591567455
 7.755999925860197
 15.16211919591829
 7.264819868890098
 1.568462709463556
 2.026215131746651
 3.752726718405082
 5.649705448795665
 9.793020784896134
 6.963560543615148
 11.2894016348446
 3.183989019864131
 3.840250887134701
 2.264216053226502
 5.442789082139488
 8.596576329007434
 5.888345907599432
 10.13562931759373
 7.004697691027332
 4.271183161367156
 6.792547539195829
 3.803624891608912
 5.633733915352285
 5.206984112008807
 5.015886522683084
 3.698460124897716
 1.083212237395723
 5.157972388000568
 6.59388262042528
 4.612918121539616
 1.472813357158318
 1.355014827085297
 2.180939695968493
 3.217641146977156
 4.656037704460598
 3.743961485822147
 0.7995719010973319
 1.082378005650086
 3.02923751551628
 8.687349643203181
 2.247212936333096
 2.221957520959617
 2.762641153519863
 3.805788015463942
 4.605670201779877
 4.601835436390681
 2.188278192830889
 6.632944832769345
 4.737050027187776
 4.6890219500265
 9.208966825902341
 2.0671541792195
 5.227971275893754
 3.220028442690095
 1.52313094260017
 2.27773974453791
 1.810152674972446
 6.230759402072581
 7.176740217325696
 4.298072214987775
 1.780675480526565
 3.822496463739171
 11.49166683321753
 2.993820848616948
 5.010561045163611
 2.304551730805245
 5.717159104914462
 4.989936523987723
 2.909879805734557
 3.090220296173189
 2.486630335711833
 8.134153580420104
 3.630938452622948
 3.90979222902441
 2.181334543820901
 4.874789675586697
 3.325814119767132
 2.686810371362892
 6.432222728345964
 5.309683248692455
 0.8138037288551083
 5.353478475687891
 2.216122101915737
 0.6933021567566259
 2.517416598532908
 7.651269297180596
 5.207396473527361
 10.58050886297619
 5.18623800903039
 4.733650589514958
 2.204325300114032
 3.17316486211244
 14.80039913617613
 6.594375075537275
 2.421942391900348
 1.458170282059104
 1.719363603515002
 6.01766957909749
 5.496919325185692
 7.619149827972979
 6.305456491314255
 2.1606113074895
 3.726762390696336
 3.601538548221857
 0.4997924129611988
 2.425092044051188
 3.387971879703108
 3.056663862765488
 1.866973612752429
 3.049335288960985
 1.63325846001963
 4.068823889614066
 1.49329199527467
 2.902149127465719
 2.572516747221595
 5.236615592959954
 3.968708007939421
 2.529996092767716
 5.023205021715457
 3.549976311353905
 5.198568931320563
 2.895429478752197
 3.153430753502109
 8.715095636245968
 1.605604609836015
 3.021538594258002
 7.208549142545023
 1.616411281723147
 4.075410567901883
 0.2902987060526758
 13.30898280674689
 2.173976702835686
 7.484429911938681
 1.212638479179242
 6.089947887328593
 3.008021608245007
 2.866035351976397
 1.340445026389656
 2.387318599364403
 5.154548166876774
 1.8599019993583
 2.173138683482108
 1.825095348980562
 8.088895674092399
 7.844438239682217
 2.422784874764865
 8.265739975357286
 10.11116985463817
